5861   3
1651   4
83969   5
16790   6
30424   7
62573   8
4023   9
36228   10
10127   11
1706   12
7423   13
9872   14
1539   15
25172   16
11200   17
3113   18
49393   19
28759   20
12710   21
10242   22
2671   23
4233   24
1534   25
902   26
13727   27
5717   28
282   29
1857   30
1828   31
495   32
32   33
649   34
265   36
667   37
158   41
2   42
205   44
588   45
659   47
138   49
1019   53
65   56
152   58
2   59
258   63
31   66
11   69
5   80
22   102
2   116
2   170
1   240
11   282
2   293
1   336
1   369
1   399
8   422
2   426
4   460
1   465
1   480
343   504
6   506
26   517
1   521
1   528
67   576
1   583
2   594
4   627
135   648
1   663
1   906
54   997
3   1094
2   1233
1   1330
2   1422
2   1601
3   2085
4   2173
1   2356
1   3504
2   3600
1   7109
